date	P1	P2	P3	P4	P5
20031231	41	53.4	22.97	24.83	42.14
20031128	36.2	42.78	21.74	25.63	38.39
20031031	36.58	42.67	22.31	25	38.49
20030930	36.6	40.93	19.36	23.54	34.33
20030829	37.7	41.1	19.93	22.42	37.39
20030731	35.58	37.43	21.17	23.01	33.12
20030630	35.91	36	21.3	22.06	34.32
20030530	36.4	35.33	19.5	18.73	30.67
20030430	35.2	36.05	16.3	17.1	27.28
20030331	34.95	33.62	15.55	14.46	25.06
20030228	34.02	33.77	15.85	13.61	27.56
20030131	34.15	36.33	17.41	14.24	31.59
20021231	34.94	36.86	17.36	16.08	32.99
20021129	34.8	39.7	19.48	18.5	34.05
20021031	33.66	33.25	15.8	18.11	29.75
20020930	31.9	38.9	11.67	17.66	34.13
20020830	35.45	47.86	13.43	23.76	37.07
20020731	36.76	46.55	14.15	24.75	41.52
20020628	40.92	53.45	15.28	28.45	45
20020531	39.93	62.15	19.09	29.94	42.65
20020430	40.17	64.15	17.1	28.4	44.6
20020328	43.83	60.45	17.94	27.75	48.25
20020228	41.3	52.98	20.12	26.1	45.96
20020131	39.05	51.14	22.11	27.18	40.95
20011231	39.3	48.6	20.54	26.47	38.78
20011130	37.4	49.7	21.99	26.84	35.1
20011031	39.45	41.32	16.83	26.07	32.6
20010928	39.4	42.9	16.05	27.14	33.5
20010831	40.15	54.75	23.21	30.03	51.2
20010731	41.76	63.6	24.66	29.14	58.53
20010629	87.35	64.35	28.6	27.06	55.6
20010531	88.75	56.9	29.32	30.28	62.89
20010430	88.6	54.81	28.43	27.5	61.8
20010330	81	51.85	31.27	26.55	55.71
20010228	81.05	53.32	28.85	29.4	62.2
20010131	84.15	53.7	36.85	29.35	58.5
20001229	86.9375	50.9375	31.5625	34	66
20001130	88	49.5	31.625	31.875	69.0625
20001031	89.1875	62.125	46.5	31	67.8125
20000929	89.125	65	97	30.1875	63
20000831	81.625	72.1875	120.75	29.875	53.625
20000731	80	56.9375	109.1875	31.5	49
20000630	78.5	58.0625	124.875	32.9375	41.8125
20000531	83.3125	70.625	120.1875	35.8125	39.0625
20000428	77.6875	93.625	135	38.0625	39.6875
20000331	77.9375	82.8125	132.875	37.375	37.8125
20000229	75.3125	76.0625	134.5	31.625	36.9375
20000131	83.4375	80.5625	108.25	37.375	44.5
19991231	80.5625	72.6875	113.75	40.3125	41.4375
19991130	79.3125	72	94.875	45.125	40.625
19991029	74.0625	70.4375	74.1875	41.25	46.0625
19990930	76	62.9375	90.75	43.25	42.625
19990831	78.875	66.25	105.375	41.375	45.3125
19990730	79.375	61.125	104.6875	41.6875	45.375
19990630	77.125	66	100.5	41.125	44
19990528	79.875	69	94.3125	38.5	42.0625
19990430	83.0625	89.0625	78.875	42.375	40.625
19990331	70.5625	87	67.8125	45.3125	34
19990226	66.5625	82.5625	66.4375	85	35.625
19990129	70.25	89.75	78.375	78.8125	34.6875
19981231	73.125	71.5625	68.3125	76.8125	32.625
19981130	75	69.875	62.5625	70.0625	40.625
19981030	71.625	63.1875	60.25	67.0625	37.5625
19980930	70.625	54.875	52.9375	59.6875	34.3125
19980831	65.4375	58.125	48.5625	56.375	30.9375
19980731	70.25	72.3125	55.5	66.8125	38.8125
19980630	71.375	66.8125	59.875	69	44.5625
19980529	70.5	71.875	62.3125	65.625	47.75
19980430	73.0625	67.375	75.375	61.875	50.0625
19980331	67.625	67.75	63.375	60	52.125
19980227	63.75	68.9375	67	54.5625	54.25
19980130	59.3125	57.9375	60.125	47.125	47.625
19971231	61.1875	60.75	62.375	47.75	48.9375
19971128	61	60.9375	61.125	48.5	53.125
19971031	61.4375	64.1875	61.625	44.8125	48
19970930	64.0625	66.9375	69.5625	47.625	54.4375
19970829	61.1875	62.75	61.5	47.3125	54.5
19970731	64.25	61.875	70	53.75	58.6875
19970630	61.25	55.75	56	48.3125	53.0625
19970530	59.25	57.375	51.5	50.25	105.375
19970430	56.625	57.875	52.5	53.5	98.625
19970331	107.75	55.375	53.375	47.25	98.625
19970228	100.25	57.875	56.125	43.25	101.75
19970131	103.625	59	52.625	45.5	107.125
19961231	98	55.75	50.25	45.375	106.5
19961129	94.375	57.625	53.875	46.75	99.375
19961031	88.625	53.625	44.125	44.5	95.375
19960930	83.25	48	48.75	47.375	94.5
19960830	81.5	49.625	43.75	46.375	90.5
19960731	82.25	48.75	44	46.375	88.5
19960628	86.875	52.375	99.625	46.75	87.125
19960531	84.75	55.125	106.5	48.125	85.25
19960430	85	54.25	105.875	47.875	82.125
19960329	81.5	53.25	94.125	48	86.625
19960229	79.5	51.25	100.75	50	81.125
19960131	80.25	52.625	84.75	50.25	77.5
19951229	81.125	52.875	83.75	45.125	78.375
19951130	77.375	48.5	83	44.625	72.875
19951031	76.375	43.75	92.625	41	65.5
19950929	72.25	46.875	83.375	38.25	68.25
19950831	68.75	47.125	80	36.5	64
19950731	72.5	48.75	77.875	38.625	67
19950630	70.625	46.875	74.5	39.125	62.625
19950531	71.375	48	66	37.875	58.875
19950428	69.5	45.125	66.125	35	55
19950331	66.625	44	120.375	34.125	53.75
19950228	63.875	42.625	115	33.25	46.125
19950131	62.5	38.875	100.5	32.625	44.5
19941230	60.75	42.125	99.875	29.25	47
19941130	60.375	38.125	97.75	28.375	44.875
19941031	62.875	39.5	97.875	28.875	43.875
19940930	57.5	46.875	87.375	26.375	43.25
19940831	59.5	50.25	89.875	28.25	45.5
19940729	59.5	51.375	77.625	27.125	44.625
19940630	56.75	50.25	75.25	28.875	46.25
19940531	61.125	53.75	78.5	62	46.375
19940429	62.875	56.75	80.25	60	45
19940331	62.875	53.875	82.125	56.875	44.5
19940228	64.875	58.25	90.625	60.625	46.75
19940131	66.5	61.25	85.25	60.75	43.25
19931231	63.125	54.875	79	57	43.25
19931130	62.75	52.75	73.75	58.625	38.625
19931029	65.375	47.625	73.625	57.625	37.5
19930930	65.5	41.75	68.375	51.875	38.375
19930831	65.375	46.875	74.125	53.75	39.625
19930730	65.625	48.5	72	51.5	39.375
19930630	66.125	44.5	81	49.125	37
19930528	65.5	40.125	83.375	49.75	39.625
19930430	66	40.875	74.875	48.125	38
19930331	66.125	37.625	76.125	52.875	35
19930226	63.625	37.25	73.75	50.625	34.375
19930129	61.125	37.75	72	48.625	35.25
19921231	61.125	32.25	69.875	48.75	40.125
19921130	59.5	32.25	66.5	49	35.125
19921030	61.25	30.75	56.875	45.875	36
19920930	63.875	32.125	55.75	44.375	36.75
19920831	64.25	34.625	57.25	42.5	37.25
19920731	63.5	41.625	73.5	43.875	40
19920630	61.875	44	68.875	46	39.875
19920529	60.625	39.875	76	46.875	43.875
19920430	60	41.5	80	44.375	44
19920331	54.75	36.625	80.5	39.875	43.875
19920228	57.125	37.5	73	40.5	46
19920131	58.25	32.375	59.25	43.5	50.875
19911231	60.875	28.875	57	38	47.75
19911129	58.625	30.75	48.125	33.625	44.25
19911031	61	35.125	50.375	34.75	49.25
19910930	59.5	37.375	49.5	35	50.75
19910830	58.25	38	52.875	32.625	49.75
19910731	59.375	39.75	53.75	32.75	46.375
19910628	58.125	40.75	50.75	32.875	45.75
19910531	58.25	43.125	54.25	35	48.875
19910430	59.5	35.75	51.125	33.5	45.75
19910328	58.5	37.75	50	34.75	47
19910228	55.125	39.5	46.625	31.625	48.25
19910131	51.625	36.25	38.875	28.5	49.375
19901231	51.75	34.375	31.875	29.125	45.375
19901130	50.625	36.5	30	28.125	44.25
19901031	49	36.75	26	25.25	44.75
19900928	49	36.25	33.5	26	41.625
19900831	50	39.75	34.875	27.875	48.25
19900731	51.875	46.625	43.125	31.375	57.75
19900629	47.875	47.625	47.25	35.5	58.5
19900531	48	48.625	47.75	34.625	82.625
19900430	45.25	44.25	43.625	30.25	69.75
19900330	46.125	45.875	45.75	31.75	71.75
19900228	47	44.875	43.125	31.5	63.875
19900131	47	41.625	44.625	32.625	59.25
19891229	50	42.25	47.25	34.5	59.375
19891130	47.25	43.875	45.375	32.875	60
19891031	46	44.375	47.75	31	56.25
19890929	44.75	46.625	50.25	29.75	57
19890831	43.75	49	52.5	28.875	54.75
19890731	45.75	44.875	53.75	31.125	52.375
19890630	44	41.75	51.75	29.25	48
19890531	43.125	40.375	54	59.625	80.375
19890428	43.125	41.5	56.75	55	75.875
19890331	43.875	41.5	51.375	51.375	68.25
19890228	43.875	85.375	55.25	50.5	61.875
19890131	46.375	91.375	57.75	52	63.375
19881230	44	83.5	53.25	48.125	60.625
19881130	43.25	84.25	48.375	46.75	62
19881031	44.75	83.375	50.5	47.625	64.875
19880930	44.75	75	49.875	47.5	64.125
19880831	46.5	72.875	46.5	43.5	59
19880729	47.375	80.125	50.5	45	60.5
19880630	45.375	80.125	55.75	46.125	58.75
19880531	45	75.125	56.375	44	55
19880429	44.875	75	61.125	43.125	48
19880331	42	71.375	60.75	43.5	46.5
19880229	42.625	72.25	61.625	47.5	47.5
19880129	42	65.75	56.75	45.25	45.75
19871231	38.125	61.375	58.25	44	37
19871130	36.75	56.375	45.625	41.25	34.375
19871030	42.625	58.5	50.125	45.5	38.625
19870930	48.625	83	70.5	54	50.875
19870831	99.625	92	66.25	58.25	52.75
19870731	94.125	88.875	61.125	55.5	53
19870630	93.25	82.625	61.125	53	46.875
19870529	87	85.25	65.125	78.75	45.25
19870430	86.625	90	56	80	44.5
19870331	85.75	78.125	56.875	79.25	51.875
19870227	78.375	74.625	54.875	76.25	54.25
19870130	82.75	75.25	50.125	69.75	50.25
19861231	70.125	66	41.875	60.875	51.125
19861128	69.25	72.875	43.5	63.375	51
19861031	68	71.125	39	63	52.875
19860930	67.25	67.75	38.5	56.625	53.375
19860829	68.875	72	46.5	62.875	60.125
19860731	60.75	68.125	39.375	64	59.125
19860630	60.875	77.625	41	73.125	63
19860530	59.875	79.75	46.25	102.625	58.25
19860430	56.625	80	45.25	99.5	56.25
19860331	55.75	86.25	44	96.375	57
19860228	52.25	77.75	43.875	89.375	53.375
19860131	51.75	74	39.375	79.875	48.25